5.443117128398775151e+00
5.845149545329411112e+00
5.900937422682114963e+00
5.514879097182812551e+00
5.386257197886441972e+00
5.875614974369590904e+00
6.243812858030236335e+00
6.114695421664660735e+00
5.386483247412641617e+00
5.612952995419792757e+00
6.025257111563343315e+00
5.348386883544819170e+00
5.629838294939952803e+00
5.593715575854079525e+00
5.759733918884879067e+00
5.234288891519675246e+00
5.511139000742367955e+00
5.636452912531130011e+00
5.261376540610740449e+00
5.585965958708746015e+00
5.385511222612541893e+00
5.353746011242179748e+00
5.138771559867437055e+00
5.379806027060932472e+00
6.058868554641437143e+00
6.164577006208218357e+00
5.661787433784867041e+00
5.230215835976762762e+00
5.418284491164436112e+00
6.257843039283144115e+00
6.453260619313050839e+00
6.305150772134500592e+00
6.715248397410674031e+00
7.389545161154207342e+00
6.949159483934116643e+00
6.143001290509173984e+00
6.026015406727514900e+00
6.440610941444354864e+00
6.418581616350785168e+00
5.943387577016353340e+00
5.641410227704326985e+00
5.343095460203910463e+00
4.804765838384074783e+00
4.005739035014827643e+00
4.199463683352156806e+00
5.364443301918059959e+00
5.561640148699937392e+00
5.111480089096772872e+00
5.216255242422674243e+00
5.797315613506117238e+00
5.797839043483256738e+00
5.225020845293285809e+00
4.417398534390707177e+00
4.600371410075937639e+00
4.856900796201167658e+00
4.903996445439454455e+00
4.241250982054304508e+00
4.305301464501409825e+00
5.027498736334882423e+00
4.957130249629160268e+00
4.313949446878387661e+00
4.355835551734061895e+00
4.167899277936830238e+00
3.899715715102713531e+00
3.811961028977831401e+00
3.674592369214086940e+00
3.732286255566008126e+00
4.011329736990107087e+00
4.480048622812796033e+00
4.736602817130872722e+00
4.697002991251052251e+00
4.770503893767813253e+00
4.488050079343094190e+00
4.246371722191635278e+00
4.124839882482318032e+00
4.160959882975633128e+00
4.329999391306191825e+00
4.715077268927168497e+00
4.442772169875147448e+00
4.386824841956700638e+00
4.236549404051034529e+00
4.087291111399145471e+00
4.020109053348651429e+00
3.783141726827530693e+00
3.377887694646433125e+00
3.269850544795322111e+00
3.415130021508583802e+00
3.790090068871034834e+00
3.893532105839491386e+00
3.787206889565237322e+00
3.896198079438004225e+00
3.650930912673831852e+00
3.399297818453302700e+00
3.338302441256127295e+00
3.046298325093086401e+00
3.471470917156514346e+00
3.846137140884406946e+00
3.671666052237203104e+00
3.314375345613476131e+00
3.130405457662731816e+00
3.202070604876814830e+00
3.027815899070877670e+00
3.210257066741664111e+00
3.090129577837142705e+00
3.110482455915326128e+00
3.457556321520704135e+00
3.174984166865309376e+00
2.982147180725703617e+00
2.731797457442434851e+00
2.418057155310178619e+00
2.014342230691302582e+00
2.082875428141781615e+00
2.329858653166038795e+00
2.560016126099658340e+00
2.442940353092846628e+00
2.512085077310660886e+00
2.276431689784399914e+00
2.068206416198641762e+00
2.235037175901703144e+00
2.251758680189536399e+00
2.209763179453139159e+00
2.334115386304138617e+00
2.311622424989052682e+00
2.233428682729575954e+00
2.050648465329378833e+00
1.694704462029994918e+00
1.661480260484815563e+00
1.616848405427998348e+00
1.659219995371306489e+00
1.776137656414066068e+00
1.572493374144069866e+00
1.677789080721047155e+00
1.895798552078051369e+00
1.818761127670736277e+00
1.519687406374849781e+00
1.690999234620137015e+00
1.575063324417090183e+00
1.320134221579731149e+00
1.354057146309342263e+00
1.483815559072054535e+00
1.404013777470986657e+00
1.493236124542520527e+00
1.408881256752835043e+00
1.653612391908314772e+00
1.544743007194788964e+00
1.477832930396204336e+00
1.569682899668986442e+00
1.596079984788592476e+00
1.592570685146983411e+00
1.612006872617041564e+00
1.569187611765745061e+00
1.188166674983169857e+00
1.029170699417501389e+00
1.242853928441167266e+00
1.292487341657017952e+00
1.305832769295775186e+00
1.192531158614422937e+00
1.197646718556491408e+00
9.951786792363713774e-01
8.630737941219061016e-01
1.077883902465829769e+00
1.187696193909315578e+00
1.294843549305899399e+00
1.275065016779639571e+00
1.278940567872888900e+00
1.223475766472378767e+00
1.112371143872208812e+00
1.068922991048168791e+00
9.252890145062178107e-01
1.098469122047861291e+00
1.116652802818123291e+00
1.287584711768307244e+00
1.169025605306987625e+00
1.132149737917347077e+00
1.213837832339410117e+00
1.206033563302401301e+00
1.394524455728030521e+00
1.324235630540854691e+00
1.320785641263823917e+00
1.397681831252342688e+00
1.339040614673950191e+00
1.264994788981089968e+00
1.336825924691962264e+00
1.334890140497422495e+00
1.351462444512518957e+00
1.371246303833015823e+00
1.343663979327097024e+00
1.215015909897924518e+00
1.019241199266184283e+00
1.049703049538708521e+00
1.046754204716249026e+00
1.139161109913286118e+00
1.088423430660992119e+00
1.120390637229358832e+00
1.103883323949875539e+00
9.640504465376917853e-01
9.968135744937185461e-01
1.108442438321009638e+00
1.136422213619244337e+00
1.170333746934333341e+00
1.276488949602706979e+00
1.282081973380982731e+00
1.319708540505607708e+00
1.220945392238230065e+00
1.220957755012520352e+00
1.128240468850373102e+00
1.220399406931024000e+00
1.200915127719584641e+00
1.094669816421367736e+00
9.427117208329737208e-01
1.024995914337906378e+00
1.198013405745026461e+00
1.161968542116478709e+00
1.009369274922840676e+00
1.118143835095847693e+00
1.333051538529307578e+00
1.355508879991616400e+00
1.440995143739756124e+00
1.413472428576622475e+00
1.254445109949694048e+00
1.352336258145276027e+00
1.463852342985659361e+00
1.511080616352288741e+00
1.574961224823880679e+00
1.627156627387877919e+00
1.562244360041790348e+00
1.534460423366679649e+00
1.469219852698083750e+00
1.597587764610067129e+00
1.552209258150089477e+00
1.434028121192214789e+00
1.301704681221272697e+00
1.144938330408786786e+00
1.346048661886231956e+00
1.503099156291453964e+00
1.478816017861935395e+00
1.340027665841811766e+00
1.605004216388049576e+00
1.637951476539967643e+00
1.471201134306917568e+00
1.226414483742772399e+00
1.084122652178247659e+00
9.244811632543351587e-01
8.549197383779149062e-01
7.755531072126878867e-01
8.839226649994371687e-01
1.013947845371283574e+00
1.259586456371716512e+00
1.179659211493649718e+00
1.185987856415134267e+00
1.376351262218390437e+00
1.671766140936123524e+00
1.874996308535634926e+00
1.745070800254361343e+00
1.703334341219055359e+00
1.766906219243922882e+00
1.792733840246439003e+00
1.939473282829187184e+00
2.140741481122136136e+00
2.088449654585979420e+00
2.060032384623078805e+00
2.077711310397558631e+00
2.197795773953033382e+00
2.179819068908445789e+00
2.432900136177624351e+00
2.703539157582241170e+00
2.874910199340596773e+00
2.840169003514144475e+00
2.675417931182320519e+00
2.357876534940177127e+00
2.247120032230626396e+00
2.200665681856956990e+00
1.933001228019265882e+00
2.116497486853919252e+00
2.029713236605577009e+00
1.868918546631266109e+00
2.090438426518266279e+00
1.933913467193038027e+00
2.082766888679603579e+00
2.403374834132532278e+00
2.420317650509069551e+00
2.536908503974889761e+00
2.835838993273874564e+00
2.572888680939689809e+00
2.366886328868066602e+00
2.337445877292287921e+00
2.615227520494649571e+00
2.663905667279642842e+00
2.621100363645482823e+00
2.609502745467226159e+00
2.762871997757470943e+00
3.334248794670217286e+00
3.337392885208850135e+00
3.267761286080520300e+00
3.840190112099853170e+00
3.916362912047082645e+00
4.120611742315587911e+00
4.125472451550560749e+00
3.924426523035571712e+00
3.358282659197896702e+00
2.784082650312615925e+00
3.241692021525476530e+00
3.709426595448207298e+00
3.786487274959737359e+00
3.456550478245338009e+00
3.504630104119959011e+00
3.359104980143443164e+00
3.754700585015898540e+00
3.867304851909757257e+00
3.776905011980746352e+00
4.163324671583346515e+00
4.501387464332635702e+00
4.389289166814037024e+00
4.372495571890286037e+00
4.437991476266463842e+00
3.901780203326947305e+00
3.993027795488462317e+00
3.666292290139781418e+00
3.319067375421379751e+00
2.962647371016333686e+00
2.845199650889148391e+00
3.327717638430428782e+00
3.603601319603040753e+00
3.769511958993367884e+00
4.754482037386198456e+00
5.128373455922480062e+00
4.664170253063134375e+00
4.250755770984699922e+00
3.807757641775668667e+00
3.573962064129231564e+00
3.909837309692619556e+00
3.925477273721994287e+00
4.387222005923190338e+00
4.613942383060895658e+00
4.539325175447249450e+00
4.729183126966475470e+00
3.705260965676165696e+00
4.096025742704121342e+00
4.423948056791677352e+00
4.553385999034072817e+00
4.669194193555568084e+00
4.476286170071080761e+00
4.454121570035430189e+00
3.996540334872960010e+00
3.820293340933705206e+00
3.903240754638488852e+00
4.053355864936153630e+00
4.310564202891157493e+00
4.705947275732927260e+00
5.134076501235107060e+00
5.376817774943357442e+00
5.280625659245067993e+00
5.037312245118200416e+00
4.826070422552854566e+00
4.296634399286994643e+00
3.884661058006091849e+00
4.059021824714166726e+00
4.208194818096208323e+00
3.527936031003630291e+00
4.015602771396589610e+00
4.188931332788417450e+00
4.440126951145720646e+00
5.034465420574786521e+00
5.134247591328348292e+00
5.183716564000581783e+00
