1.994096550724276939e-01
2.094017295752118313e-01
2.247835670043541179e-01
2.315386109944544968e-01
2.268190976866170105e-01
2.110007467656578317e-01
2.062337042430491818e-01
2.162898286667757908e-01
2.346471479435432439e-01
2.463366185006704290e-01
2.393399551124210656e-01
2.189498641473783536e-01
2.212142672817559719e-01
2.241606733975788357e-01
2.323174108423450013e-01
2.559817543255518690e-01
2.613504270314461198e-01
2.567325654768741194e-01
2.521901605845594529e-01
2.462115402743249304e-01
2.451752057212799873e-01
2.563390437371837471e-01
2.634817958031148710e-01
2.456948424073516213e-01
2.342640090945199149e-01
2.280722924628843518e-01
2.308018487379922545e-01
2.389573213373467897e-01
2.362349394873005104e-01
2.437122379724155907e-01
2.488506232703407706e-01
2.496238017603265857e-01
2.323552513539766107e-01
2.146469491265068918e-01
1.983463014302224992e-01
1.923969547094165067e-01
2.142848379249908120e-01
2.465074154616365143e-01
2.541058798183531975e-01
2.572217385861870209e-01
2.589272911378545650e-01
2.433768253361967282e-01
2.362935478535371780e-01
2.313425817707398802e-01
2.244447240191873305e-01
2.310506608383761651e-01
2.274643458443980637e-01
2.185510931196683049e-01
2.166067953822291281e-01
2.243345112417267362e-01
2.221057742633314458e-01
2.128117320611622176e-01
2.190593668322381449e-01
2.199134433612627837e-01
2.104170031607993929e-01
1.953219472045922278e-01
1.962761386017758125e-01
2.160188667543290197e-01
2.383394319378943915e-01
2.347476850540788640e-01
2.289250088118520154e-01
2.218744039872931617e-01
2.216819204163722745e-01
2.107011342331416293e-01
2.279266202348580184e-01
2.223175633609953961e-01
2.254260039601301835e-01
2.296147202740285720e-01
2.285917067513699441e-01
2.295318513330333876e-01
2.459635549152464351e-01
2.428509658129341109e-01
2.334593844004549668e-01
2.211355791900207479e-01
2.135709758441227124e-01
2.029830216207390570e-01
1.999369830174363150e-01
1.902198953775412205e-01
1.899343461625782881e-01
1.957287615971096129e-01
2.005942681762017399e-01
1.825047327905205963e-01
1.771623150198023133e-01
1.759109062814150637e-01
1.713530684319512498e-01
1.620384335059160685e-01
1.604459578432593514e-01
1.736444663035007496e-01
1.884125020258361483e-01
1.782956973848675852e-01
1.729660380640257733e-01
1.710511238698763370e-01
1.832742031339599786e-01
1.791096579610107487e-01
1.873488869707551074e-01
1.968264003881900204e-01
2.159381787160429833e-01
2.083184482344882238e-01
1.942944805077637949e-01
1.842294502786798460e-01
1.826336134752350460e-01
1.760900223922090280e-01
1.722600302795480320e-01
1.765766397053667447e-01
1.858632860988577162e-01
1.772428899251827783e-01
1.618849090572247185e-01
1.653784464498624651e-01
1.554621446749379909e-01
1.627766905224526939e-01
1.795901621848087215e-01
1.844168464855368283e-01
1.674446830020711874e-01
1.774278920822296712e-01
1.651252430362677159e-01
1.829157405584433682e-01
1.945228480543713945e-01
2.059590226590998219e-01
2.085445982497858286e-01
2.094290848473886191e-01
2.062755751792494097e-01
1.930191915860104968e-01
1.737938587533147117e-01
1.724941277583835197e-01
1.703073970827033157e-01
1.966203763738752774e-01
2.110582512817833212e-01
2.140625918931790550e-01
1.915130988314026339e-01
1.892960106173674495e-01
1.817808378967088745e-01
1.878404354043354541e-01
1.920054787247533479e-01
1.965627095149718728e-01
2.005113431453520723e-01
1.824479631073598340e-01
1.769567943567718349e-01
1.691461252716703334e-01
1.719302003370325738e-01
1.796308628803316987e-01
1.919619153525191635e-01
2.081840798313432661e-01
2.043590399401557789e-01
1.937051450603997360e-01
2.023212116886966283e-01
2.281928932118812980e-01
2.371741886436239954e-01
2.291271190532152557e-01
2.132861319483937979e-01
1.917768078580608104e-01
1.767536686850438854e-01
1.762829205531730448e-01
1.936296370652889898e-01
1.824217567566183140e-01
1.771241065947279925e-01
1.878805264410065290e-01
1.767360227725943977e-01
1.538788919074317862e-01
1.596532274795653406e-01
1.735737618081110434e-01
1.857131629045421228e-01
1.976763800934439042e-01
2.070836667910877227e-01
1.948676894346875466e-01
1.695820066002511062e-01
1.703267147512834423e-01
1.790747810109378779e-01
1.751946159584349960e-01
1.820963642541985616e-01
2.116923012570829932e-01
2.231514645698313981e-01
2.036378065649713243e-01
1.785435291061175656e-01
1.709333234353062614e-01
1.688155127602049554e-01
1.832492330851587248e-01
1.944026146557244483e-01
1.812488929358678502e-01
1.847657461252019961e-01
1.749883476447822994e-01
1.677100126563617066e-01
1.558206706586851287e-01
1.509766825620650066e-01
1.542940451442060823e-01
1.659071222523510192e-01
1.603936379879828955e-01
1.675738744048183848e-01
1.695012381221918385e-01
1.891413719445444730e-01
1.943065803514915368e-01
1.714285417795360922e-01
1.705896060345341858e-01
1.871237803394180110e-01
2.042966060047029797e-01
2.084795242004438276e-01
2.102249876245603777e-01
2.049979785772279850e-01
1.961379834633213415e-01
1.906647174028187341e-01
2.079186418092520972e-01
2.156331857731550172e-01
2.043697093348564309e-01
1.841683959283144378e-01
1.881415035914595635e-01
1.897452370694051871e-01
1.739583070989272062e-01
1.754887165743304611e-01
1.651386167414408690e-01
1.646841208890719166e-01
1.792657345164296867e-01
1.824132033836397548e-01
1.804872413690840061e-01
1.843654455092369471e-01
1.932579698628519305e-01
2.095192739357023270e-01
2.135809705223902510e-01
2.078586388663672402e-01
1.939081066437750023e-01
2.043294639136125079e-01
1.752754660937949072e-01
1.667394916813788042e-01
1.735706787838823262e-01
1.816617914476717222e-01
1.724625329335875423e-01
1.819972658299833235e-01
1.844778375607047383e-01
1.917032286576539901e-01
2.041828073117669118e-01
2.068288525208995532e-01
1.922786139445563924e-01
1.832611905783831097e-01
1.930456703907824645e-01
1.853095227931068067e-01
1.957391891236042736e-01
1.940908195506387823e-01
1.703739866192270358e-01
1.743133379771756308e-01
1.666026157521606765e-01
1.656264654319807295e-01
1.619268825762103237e-01
1.609933388725523218e-01
1.588731818095588944e-01
1.610475564508179747e-01
1.765278936238777463e-01
1.823431780985572404e-01
1.771365597901738143e-01
1.837999430791978639e-01
1.616092348573326121e-01
1.487442971089870114e-01
1.490697576875639196e-01
1.572603942990631054e-01
1.604607601954205487e-01
1.593679998543862109e-01
1.730501289713562707e-01
1.892359425707907938e-01
2.096769442631926106e-01
2.127852535093366360e-01
2.208869195400980645e-01
2.271804233822657948e-01
2.366634292448128174e-01
2.271297780364857632e-01
2.205587941523079465e-01
2.267475931095963571e-01
2.236315646684926550e-01
2.211410585123841643e-01
2.220344559202275248e-01
2.304695787924008754e-01
2.298284794336148129e-01
2.422260316398589519e-01
2.404429415110774793e-01
2.237397005052133014e-01
2.239530814407878490e-01
2.139141319302564070e-01
2.068409848235390203e-01
1.900590877644286747e-01
1.853835313340798097e-01
1.762809099769086785e-01
1.924918872612686460e-01
2.177364614680797339e-01
2.175516850387024526e-01
2.178149645988580740e-01
2.243541518258614642e-01
2.192561625739654352e-01
2.138865271137680435e-01
2.060094411505102585e-01
1.912993378565995273e-01
1.841669929201807665e-01
1.830825954534156252e-01
1.826380864503197310e-01
1.832481031657811621e-01
1.916384668890855625e-01
2.182110118265939980e-01
2.219573659330219273e-01
2.090533395198991007e-01
2.050012898840093689e-01
1.864132586290700722e-01
1.700120123709098763e-01
1.666158848673430781e-01
1.689167803894364717e-01
1.751334943992357007e-01
1.804688032603062320e-01
1.880797521344997059e-01
1.994748802330199855e-01
2.116853562464810767e-01
2.197462093686081142e-01
2.176351664800554586e-01
2.099451188898031340e-01
2.142287672101665374e-01
2.171594627657965904e-01
2.201255123188909923e-01
2.119411855060941430e-01
2.170680834459064457e-01
2.112078966360405319e-01
2.010984458665828756e-01
1.843848270330534500e-01
1.818907156205127607e-01
1.747385128184736625e-01
1.778147740866747872e-01
2.033510245326539123e-01
2.209500208978134317e-01
2.290379020990378767e-01
2.290795749944160575e-01
2.302449035786964249e-01
2.259092100745466736e-01
2.108486638389257262e-01
2.000914292435634623e-01
1.761509191905928917e-01
1.719318814245076321e-01
1.778356523508948517e-01
1.679884166114394839e-01
1.731870807082936947e-01
1.638112999107942946e-01
1.504478293740875161e-01
1.447355803369725635e-01
1.547889013029970784e-01
1.549332793215047466e-01
1.812623660352402910e-01
2.107893427963824784e-01
2.153597821435893622e-01
2.098539635804820558e-01
2.076346412469369795e-01
2.172256872002533423e-01
2.264629813529417668e-01
2.467307297513423314e-01
2.536941563302100300e-01
2.329768357113298771e-01
2.202757166767605745e-01
2.168289197873971563e-01
2.114517617623710155e-01
2.179271005822131790e-01
2.264636053001954641e-01
2.259359577712604095e-01
2.251329867508051752e-01
2.343081435217010400e-01
2.419823281898684231e-01
2.466759857312765536e-01
2.293874908482777530e-01
2.158726385945649862e-01
2.118734932197153253e-01
1.981832759652193687e-01
1.877686315911565595e-01
1.952104566502291805e-01
1.778609318718654964e-01
1.820507286613569087e-01
1.871990032639929968e-01
