1.533040621399120118e+00
1.565742830939063523e+00
1.642461082019735619e+00
1.702096576313527621e+00
1.580811447048909857e+00
1.508201671595319704e+00
1.533042801050181314e+00
1.665365855117480143e+00
1.710790050874045676e+00
1.651139572711541437e+00
1.539238993667029654e+00
1.464952849180401806e+00
1.723242356834972844e+00
1.883446379747258481e+00
1.828292708250418785e+00
1.972123207821135926e+00
2.118682525807985328e+00
2.044785963591726929e+00
2.013996783721016204e+00
2.028321341655804133e+00
1.924318691470419784e+00
1.966726575413623612e+00
1.994610108751947664e+00
1.930925026248829557e+00
1.903691333023538101e+00
2.060549019771983570e+00
1.995569326750190164e+00
1.833074974610862329e+00
1.705283751170423301e+00
1.680234747129989437e+00
1.702007741813367669e+00
1.720615329738199195e+00
1.744940040252232816e+00
1.930393054709705902e+00
1.881757216924621501e+00
1.738720852036427011e+00
1.821225570282646977e+00
2.039333296136470963e+00
2.101626048378228973e+00
2.106066882027235909e+00
2.145302806447679789e+00
2.209142737508183796e+00
2.191587174780477376e+00
2.092437036458459687e+00
1.912851937247601608e+00
1.845672338321249439e+00
1.864983326773774319e+00
1.888909438575662847e+00
1.908590639186924731e+00
1.902973240206280892e+00
1.738095782445351123e+00
1.454470885518175605e+00
1.335350846151714288e+00
1.351927237894409162e+00
1.510808220193566864e+00
1.637242445777429278e+00
1.483495094592344632e+00
1.474254444309612166e+00
1.566361230109879710e+00
1.685490386812875663e+00
1.655758751345251634e+00
1.520303860030908893e+00
1.373376324318035469e+00
1.339784174717420395e+00
1.934907423738075893e+00
1.664876252081944896e+00
1.558122354598617365e+00
1.567233339792275748e+00
1.412036016393759086e+00
1.430487286013124582e+00
1.399251201315854898e+00
1.432213454587597079e+00
1.552430067014809456e+00
1.543434062158291820e+00
1.610940389895429536e+00
1.670394046631097362e+00
1.655290148733246536e+00
1.740815357979262679e+00
1.693754002911728396e+00
1.592842259923393344e+00
1.399177798327216227e+00
1.201138213316813586e+00
1.167886150178679028e+00
1.255643420812925903e+00
1.288814922172434763e+00
1.289461796143693384e+00
1.334364771181300258e+00
1.401481446861691404e+00
1.505151969686570945e+00
1.453727846346077435e+00
1.439150858257162602e+00
1.467377742020298914e+00
1.493983030051008187e+00
1.399185234092927610e+00
1.447454500720977810e+00
1.494289450440388300e+00
1.496423177274681660e+00
1.496786879036914986e+00
1.554639100739337421e+00
1.484812353810593288e+00
1.398542822929990992e+00
1.353062699374671718e+00
1.369098912989327399e+00
1.368607695824358039e+00
1.305530308799836448e+00
1.256895618506137291e+00
1.205392802183151924e+00
1.195314288351947196e+00
1.140411104924025976e+00
1.050490005826122841e+00
9.975499766974327276e-01
9.248761085750223376e-01
8.520192057249392770e-01
8.256793504327388789e-01
8.096624999089498953e-01
7.574135619219157789e-01
7.393275610239232742e-01
7.925904018572025311e-01
8.502883663617122334e-01
8.431449283555420005e-01
8.164943784352266531e-01
8.564113976772831371e-01
8.224032289165673637e-01
7.417637289073902851e-01
7.815288363104089253e-01
7.517188639991080334e-01
7.456043835008638876e-01
7.473491855018591368e-01
8.443676337118757314e-01
8.437610170099290041e-01
7.560723952311245721e-01
7.801982132887054222e-01
8.641621007802787746e-01
8.456302202447130156e-01
7.834215701558053802e-01
8.424266534755702196e-01
8.272465603096502695e-01
8.071769977665005369e-01
7.380532937558890172e-01
7.591660763659109357e-01
7.397352519669452287e-01
7.851891524422420776e-01
8.013733918564822645e-01
8.580396944467656439e-01
8.806151164206829085e-01
8.971748180605526590e-01
8.833309268548120707e-01
9.483977057069016281e-01
9.747413427823146126e-01
9.419445165464149783e-01
9.070544411075006641e-01
9.377629748547930966e-01
9.988466286571175967e-01
1.009076193128398025e+00
9.587784511784271935e-01
8.807795387027835821e-01
7.607396567987310121e-01
7.774256749137778977e-01
7.736416019547165401e-01
7.853971705841811257e-01
8.467896432797338280e-01
8.408947166920162086e-01
8.186122479274254848e-01
7.435938538733226633e-01
6.904437204664187755e-01
7.059811244924532048e-01
7.492063518662898103e-01
7.557212555608424642e-01
7.487932500895413401e-01
7.009304815810427636e-01
6.597681634231739034e-01
6.310920035169707010e-01
6.635765846748009622e-01
7.077093491740696907e-01
7.410120459763283041e-01
7.301853709641348278e-01
7.187043442708750396e-01
7.190584737381510161e-01
7.225092820309055863e-01
7.097777835980861871e-01
7.050660643035389086e-01
7.334424281842523152e-01
7.132234349879518209e-01
6.970375629544922624e-01
6.482938277136709448e-01
5.781329679622105866e-01
5.624993642128680582e-01
5.735290765961902348e-01
5.947822437723123690e-01
6.452536380018122353e-01
6.313470325407618544e-01
5.756605290231134875e-01
5.648405749538604192e-01
5.604688032491182970e-01
5.962387419378101239e-01
6.341242705428192794e-01
5.788087192230479960e-01
5.399584607610997677e-01
4.948744255438581319e-01
4.316899807086987950e-01
4.110412234281252686e-01
4.770195643149547915e-01
5.336895221752456786e-01
5.604340440944269863e-01
5.895165960989628973e-01
5.370767182354425628e-01
4.873917571625033807e-01
4.202462830571382923e-01
3.825884553054186843e-01
4.347420244132370604e-01
4.921532878725371485e-01
4.965681963193218640e-01
5.406438150265463483e-01
5.573950575043514766e-01
5.232823760643532385e-01
5.425529505029131894e-01
5.391332402848348915e-01
5.650008530228012305e-01
5.838022608041462114e-01
5.683732039416492521e-01
5.566682772178125349e-01
5.149021385483827373e-01
4.953333260513210767e-01
5.078780114260454948e-01
5.014506953688115942e-01
4.858727868880436396e-01
5.048946943326371173e-01
5.117785117953920215e-01
4.720242999339487877e-01
4.643837687271034076e-01
5.112587745486831814e-01
5.787828607011404891e-01
6.223063138346691670e-01
6.294123822027436477e-01
6.265355197247145513e-01
6.081312603894653002e-01
6.094196929671662488e-01
6.298278864116351183e-01
6.325900821277244956e-01
5.789024248312790721e-01
6.000097295551594101e-01
6.024641940075895485e-01
6.374187709195811014e-01
6.447346263788497067e-01
6.490354171316982113e-01
6.431717338281656149e-01
6.284303868321374775e-01
5.360118063997266757e-01
4.921059671101070676e-01
6.199067699709476242e-01
6.863823719642900834e-01
6.935648284322895041e-01
7.000666272234042919e-01
6.853003016324997754e-01
7.677189889384397059e-01
8.305796027628296052e-01
8.749946073119615475e-01
8.914657985518459338e-01
9.275349112923128025e-01
9.291018597444079541e-01
9.495695992833192989e-01
9.762642063981488150e-01
1.004219948823951158e+00
1.014973751402783453e+00
1.132728087442338660e+00
1.180717372734294113e+00
1.165113588756646612e+00
1.153286326514089133e+00
1.146587294699344728e+00
1.129723608094379550e+00
1.015725974947604637e+00
9.461556792835486007e-01
9.100290259212198141e-01
9.119559097618440413e-01
8.974885148771994947e-01
9.471062410033135315e-01
9.674250528631502810e-01
1.028643488458121258e+00
1.106726305059370752e+00
1.147991034774401564e+00
1.110584302199801421e+00
1.104397799618650922e+00
1.120381031161935326e+00
1.176971420522841205e+00
1.289166742512051878e+00
1.313610381047445763e+00
1.301328657379787757e+00
1.342996967987664547e+00
1.367817996677774373e+00
1.366194489150986735e+00
1.401872191739632179e+00
1.397399275874538827e+00
1.423805672968012193e+00
1.306676376519135152e+00
1.274901013986554421e+00
1.342596356018814108e+00
1.379714817579358321e+00
1.437258772931266693e+00
1.470269830608900152e+00
1.431527869084216364e+00
1.402605883634228334e+00
1.329680332040692470e+00
1.376327315450492250e+00
1.511606099093641520e+00
1.484440010053786008e+00
1.465064130756283278e+00
1.403246856725732350e+00
1.441476151392897975e+00
1.471867368248165331e+00
1.516761192486641319e+00
1.563680908977522765e+00
1.489030230303422186e+00
1.442752490534617404e+00
1.469134772075944673e+00
1.478933318669173547e+00
1.408922451558389133e+00
1.427041680238376964e+00
1.670496701607791845e+00
1.865551407937768857e+00
1.823941710629861213e+00
1.733463438052483818e+00
1.751257922400844658e+00
1.834596180445890345e+00
1.840500532387703947e+00
1.640745055657633733e+00
1.640675387133737617e+00
1.448949364462661649e+00
1.402634722531026945e+00
1.442589511688070703e+00
1.538581400529969612e+00
1.697332121192320242e+00
1.659649146107590623e+00
1.495367646770698888e+00
1.350924810849734925e+00
1.473677380591845054e+00
1.587017417163400390e+00
1.637473289096553319e+00
1.670648076225493384e+00
1.699716495110622949e+00
1.695476168805608586e+00
1.780111412696592010e+00
1.903828710999183382e+00
1.965234844733043662e+00
2.016178376795669802e+00
1.921852463245873555e+00
1.694528422196339923e+00
1.673569895867872415e+00
1.701847900769023259e+00
1.622234219666286004e+00
1.476438081853433282e+00
1.509928699274718289e+00
1.431289081272045127e+00
1.378239982806616526e+00
1.583375382877273863e+00
1.757308422913608004e+00
1.845836212700816548e+00
1.762948751063149189e+00
1.781498403301423838e+00
1.561342251602372722e+00
1.560419249693108190e+00
1.575350636808291904e+00
1.532420542458188040e+00
1.380608650556038208e+00
1.348394777976263725e+00
1.374914142639538372e+00
