4.162783770724402643e+00
4.920222264956384706e+00
5.571478710034737603e+00
6.063311556809019010e+00
5.918646092046852658e+00
4.651332940386540216e+00
4.662526075667278391e+00
4.856868674352399218e+00
4.679084556965567465e+00
5.343464803311048783e+00
5.191996052294205910e+00
5.324339075497655394e+00
4.703025452434983933e+00
4.251464690305163607e+00
4.957385114996970543e+00
4.826940427895461738e+00
5.642618521834847023e+00
5.856018486116959743e+00
4.959678103837477536e+00
5.366684963281151965e+00
5.379557784646459062e+00
4.421934410085426315e+00
4.869790690225307195e+00
4.776359373730879376e+00
3.945940992076478970e+00
3.720622414191908423e+00
4.441581104010769998e+00
4.432896890577961102e+00
4.087660797116313915e+00
4.269922415575913455e+00
4.579361299787804818e+00
3.947991070537480329e+00
4.206043073162820889e+00
4.963970644252525766e+00
5.401688564588817520e+00
5.507724586658818033e+00
4.649219088045104975e+00
4.088378166102311972e+00
4.218333846575325730e+00
4.531975734571978442e+00
4.072589692953386908e+00
4.310833166962378726e+00
4.258166468508104430e+00
4.134104239286105376e+00
3.809429005819627179e+00
4.378910412692452958e+00
4.984429791824852352e+00
4.163125652553303802e+00
4.921515065421318447e+00
4.969427905014703661e+00
3.982671670425651733e+00
3.573374584682714961e+00
3.296460441647362405e+00
4.242421771920409590e+00
4.136543143279033607e+00
4.164654482385721224e+00
4.116235156598724743e+00
4.174759815510491023e+00
3.807163078534103295e+00
3.904609291227234102e+00
4.042069806987345970e+00
4.000014075401924885e+00
4.072719390776377679e+00
3.615273363522016670e+00
3.757824991889124000e+00
4.564578922606940203e+00
5.296614795046273194e+00
5.060143045495641978e+00
4.729375819599279218e+00
4.524040064169967401e+00
4.634647118024926904e+00
4.508833319924301364e+00
4.367892567933199466e+00
4.357819575605827112e+00
3.615062996203255885e+00
3.191994980115419711e+00
3.451389482400081476e+00
3.053444670151879148e+00
2.949631784296047776e+00
3.179257175684042203e+00
3.843326567798126980e+00
3.388152930062484636e+00
3.162411369889416513e+00
3.235089695717656255e+00
3.717742718144059211e+00
4.355603289971206493e+00
3.685429206900157073e+00
3.076734927113001117e+00
3.264683924699295581e+00
3.392426666019101589e+00
3.319278427840788304e+00
3.140066234067018236e+00
3.216364441529667495e+00
3.370310365379556750e+00
3.879901625492895079e+00
3.902661598954092259e+00
4.485320440556648691e+00
4.021472592761440978e+00
3.856494032247898218e+00
3.408096849618454716e+00
2.798867931137826393e+00
2.662068402896007324e+00
2.761485288966149643e+00
2.764466844887169650e+00
2.951539724001237097e+00
2.975185794870269795e+00
3.091533113323050141e+00
3.415843144864286085e+00
3.368743113483136487e+00
2.732222955717456436e+00
2.552266625764411323e+00
2.746277491856074171e+00
2.764561293078747539e+00
2.508971698927847438e+00
2.752047028930972417e+00
2.719576660993329842e+00
3.022428830038095260e+00
2.702932338946420820e+00
2.195845267921217037e+00
1.903340889818287085e+00
2.016096556350610580e+00
2.308497648086551557e+00
2.220093456556467615e+00
2.081843607014483233e+00
1.810130496497319053e+00
2.190594837882848811e+00
2.427856174936890099e+00
1.871475858329339825e+00
2.347126089190794573e+00
2.324510277978248496e+00
2.235484486618117828e+00
2.400520134293245622e+00
2.226458468446956829e+00
2.184014598965080101e+00
2.044430287751664022e+00
2.264425338143984057e+00
2.401930842291497115e+00
2.508795564105502418e+00
2.524390468575590685e+00
2.405931405596132500e+00
2.372076104242123229e+00
2.231520755101487730e+00
1.824001919009532013e+00
1.667988138463361247e+00
2.048968919779292186e+00
2.034789640206065009e+00
2.025199911713081224e+00
2.034907631242242498e+00
2.165543480719714697e+00
2.397787326923158435e+00
2.296597205735383618e+00
2.044077554940920471e+00
1.745251261914440688e+00
1.346935121930987966e+00
1.472463456690709327e+00
1.759726473205762032e+00
1.852477717822734515e+00
2.009957559896151658e+00
1.858386291539506185e+00
1.683148707167026581e+00
1.527434784674107204e+00
1.218185381980362747e+00
1.266154210581935669e+00
1.687256798414675352e+00
1.567863478527388166e+00
1.616196764731039126e+00
1.369329933652465581e+00
1.489051299394405170e+00
1.546378537508258821e+00
1.435963611950153318e+00
1.601141700894114450e+00
1.653129913749270985e+00
1.692900677001836662e+00
1.451143042786415149e+00
1.282229280815792238e+00
1.441253855927387084e+00
1.241730676035179837e+00
1.325142884344894023e+00
1.190999125148297422e+00
1.110034789076907336e+00
1.248025244254157951e+00
1.276207398234028512e+00
1.341512231290734380e+00
1.130953152350074875e+00
1.212752149191780981e+00
1.261177431121859316e+00
1.487899822123031957e+00
1.541587433530049012e+00
1.508512236169244680e+00
1.313884416016221302e+00
1.159232151442046277e+00
1.057533612490393349e+00
1.170029873650876295e+00
1.241576984589117583e+00
1.391671397588480463e+00
1.320031768847448550e+00
1.206259218283821433e+00
1.145989740578103877e+00
1.328970776685585831e+00
1.344244029894546388e+00
1.314449273982734256e+00
1.321273913548993928e+00
1.275419224570344179e+00
1.391161668358037007e+00
1.489847165373435978e+00
1.247124641446369475e+00
1.152379042916809260e+00
1.189636055237451195e+00
1.313747965172177290e+00
1.248652123042857554e+00
1.241501896449935805e+00
1.150913811604655113e+00
1.199998125265596682e+00
1.207692311498971272e+00
1.174933595823115073e+00
1.146257229182241932e+00
1.301662658847165588e+00
1.606358890248890559e+00
1.754417714403393003e+00
1.663506901257301163e+00
1.441969111128066139e+00
1.302831162621719718e+00
1.297509321990393261e+00
1.520182720739620574e+00
1.510951540863711307e+00
1.405567278128363906e+00
1.515657904731309680e+00
1.447301066359843125e+00
1.366639276004914416e+00
1.210998754760691742e+00
1.199429642172453736e+00
1.403371747870189701e+00
1.257693166991975309e+00
1.398385582582892361e+00
1.289306785585823567e+00
1.349087318760851861e+00
1.210767530757324684e+00
1.160461453753539374e+00
1.107060833431818825e+00
1.651598911492164756e+00
2.086081179980770806e+00
1.674427076961187311e+00
1.497597804330423443e+00
1.459315127790996591e+00
1.480966098031453626e+00
1.417417327776980818e+00
1.836154510532712836e+00
2.085279593751097948e+00
2.155454352757246728e+00
1.866343644516921252e+00
1.515211203220090397e+00
1.590518101019771979e+00
1.608178373488868829e+00
1.597221162270870520e+00
1.558936482791378975e+00
1.865142554571001643e+00
2.138022309676410160e+00
2.153299523076585675e+00
2.398220010236258304e+00
2.069295012668975531e+00
1.893911439109338124e+00
1.982322651088667786e+00
2.245534827542100320e+00
2.269780886042211510e+00
2.610376030629236954e+00
2.988414625229837807e+00
2.962103239885685912e+00
2.322473817997079415e+00
2.369080252663940733e+00
2.622981812975372140e+00
2.445608057068059171e+00
2.596369622426294654e+00
2.887510025664500102e+00
2.767951970525962313e+00
3.003926014192189076e+00
3.246454699794162124e+00
3.407922213275651924e+00
2.986341843500523563e+00
3.033219933136165114e+00
3.349803438995785143e+00
3.588446047017820106e+00
3.232754247993890218e+00
2.678646066500498968e+00
2.757189051620741793e+00
2.913720425274025416e+00
3.258369879776769729e+00
2.677005662500302474e+00
2.516855650626542040e+00
2.797273679323777351e+00
3.242410226994317135e+00
3.141134654880412658e+00
3.505006747388444310e+00
2.828205668788460247e+00
2.539317221741928865e+00
2.986056147121901816e+00
3.332051712235411856e+00
3.549886576277966999e+00
2.935351827258410040e+00
3.272141121321952006e+00
3.524060266220779170e+00
3.322056614048175316e+00
3.048573585290119237e+00
2.917646268684676691e+00
2.786024165193176305e+00
3.305273121555982296e+00
3.875012426399760734e+00
4.073163913667537273e+00
4.213185032872191371e+00
4.013772026825762396e+00
3.649767042954828344e+00
3.702225169157337792e+00
3.765921266950817969e+00
3.941727172730554063e+00
3.438116176239118804e+00
3.091916229910851577e+00
3.876620453313433412e+00
4.086932264674256743e+00
4.647627779244425383e+00
4.061357970059352951e+00
3.752249075020160696e+00
3.968267818439744410e+00
4.011616526683646988e+00
4.083802709673409304e+00
3.759617252915943730e+00
4.755685090839829599e+00
4.770938881181230329e+00
4.451528756881231175e+00
3.620625409364774061e+00
3.440645218779450953e+00
3.307760398909000088e+00
3.715412358896314604e+00
3.672930913714153700e+00
3.853609554466493670e+00
4.165231410272277834e+00
3.705340143398363040e+00
3.777606000554135868e+00
4.722623290023700626e+00
5.205430022087139008e+00
5.230375342195818789e+00
4.857559191704155843e+00
4.495574139987448703e+00
4.105319882056242875e+00
4.324934768704334687e+00
4.272828629928241639e+00
4.050301808972778694e+00
4.807419527168778295e+00
5.052885773563834171e+00
4.442270951014878122e+00
4.032098534340935458e+00
4.311081036391157362e+00
4.385186187136174141e+00
4.265749767714378748e+00
4.697240526937659588e+00
5.457177619077027586e+00
4.631782087447286145e+00
5.269205023715285208e+00
5.365095552768637255e+00
5.375232302204920209e+00
5.958962429820664930e+00
4.781728860059588193e+00
4.229710254270411696e+00
4.312271139720049717e+00
4.748766173434948001e+00
4.967038449197641370e+00
4.649733033359539469e+00
